{"cells":[{"cell_type":"code","execution_count":2,"metadata":{"executionInfo":{"elapsed":335,"status":"ok","timestamp":1708110200115,"user":{"displayName":"artem bagrov","userId":"13630749988679781578"},"user_tz":-180},"id":"didK2SzWTSKm"},"outputs":[],"source":["import numpy as np"]},{"cell_type":"markdown","metadata":{"id":"hsFi9P8ER00r"},"source":["1. Создать вектор (одномерный массив) размера 10, заполненный нулями"]},{"cell_type":"code","execution_count":5,"metadata":{"id":"JMba8Dg1RxGv"},"outputs":[{"name":"stdout","output_type":"stream","text":["[0. 0. 0. 0. 0. 0. 0. 0. 0. 0.] (10,)\n"]}],"source":["t = np.zeros(10)\n","print(t,t.shape)"]},{"cell_type":"markdown","metadata":{"id":"iTv3nEDcRz3L"},"source":["2. Создать вектор размера 10, заполненный двойками"]},{"cell_type":"code","execution_count":6,"metadata":{"id":"O7Vw018NSGLz"},"outputs":[{"name":"stdout","output_type":"stream","text":["[2. 2. 2. 2. 2. 2. 2. 2. 2. 2.] (10,)\n"]}],"source":["t = np.ones(10)*2\n","print(t,t.shape)"]},{"cell_type":"markdown","metadata":{"id":"axXSb7d4SH5Y"},"source":["3. Создать вектор со значениями от 5 до 100"]},{"cell_type":"code","execution_count":7,"metadata":{"id":"-OH2ED6tSUGQ"},"outputs":[{"name":"stdout","output_type":"stream","text":["[  5   6   7   8   9  10  11  12  13  14  15  16  17  18  19  20  21  22\n","  23  24  25  26  27  28  29  30  31  32  33  34  35  36  37  38  39  40\n","  41  42  43  44  45  46  47  48  49  50  51  52  53  54  55  56  57  58\n","  59  60  61  62  63  64  65  66  67  68  69  70  71  72  73  74  75  76\n","  77  78  79  80  81  82  83  84  85  86  87  88  89  90  91  92  93  94\n","  95  96  97  98  99 100]\n"]}],"source":["t = np.arange(5,101)\n","print(t)"]},{"cell_type":"markdown","metadata":{"id":"fTZrVo5oSVej"},"source":["4. Создать вектор со значениями от 5 до 100, возвести в квадрат все элементы и посчитать сумму"]},{"cell_type":"code","execution_count":8,"metadata":{"executionInfo":{"elapsed":4,"status":"ok","timestamp":1708110137971,"user":{"displayName":"artem bagrov","userId":"13630749988679781578"},"user_tz":-180},"id":"b8SJCkgrSf3X"},"outputs":[{"name":"stdout","output_type":"stream","text":["338320\n"]}],"source":["t = (np.arange(5,101)**2).sum()\n","print(t)"]},{"cell_type":"markdown","metadata":{"id":"G75gR6syTFT3"},"source":["5. Развернуть вектор"]},{"cell_type":"code","execution_count":14,"metadata":{"executionInfo":{"elapsed":408,"status":"ok","timestamp":1708110527541,"user":{"displayName":"artem bagrov","userId":"13630749988679781578"},"user_tz":-180},"id":"l7IzCYqLTLUA"},"outputs":[{"name":"stdout","output_type":"stream","text":["[9 8 7 6 5 4 3 2 1 0] [9 8 7 6 5 4 3 2 1 0]\n"]}],"source":["t = np.arange(10)\n","t_flip = t[::-1]\n","t_flip_1 = np.flip(t)\n","print(t_flip,t_flip_1)"]},{"cell_type":"markdown","metadata":{"id":"gwnnqmhiT0_C"},"source":["6. Создать матрицу 4x3 со значениями от 0 до 11 и развенуть по нулевой размерности"]},{"cell_type":"code","execution_count":21,"metadata":{"executionInfo":{"elapsed":404,"status":"ok","timestamp":1708110625278,"user":{"displayName":"artem bagrov","userId":"13630749988679781578"},"user_tz":-180},"id":"RTAazs_CUhYt"},"outputs":[{"name":"stdout","output_type":"stream","text":["[[ 0  1  2]\n"," [ 3  4  5]\n"," [ 6  7  8]\n"," [ 9 10 11]]\n","[[ 9 10 11]\n"," [ 6  7  8]\n"," [ 3  4  5]\n"," [ 0  1  2]]\n"]}],"source":["t = np.arange(12)\n","T = t.reshape(4,3)\n","print(T)\n","T_flip = T[::-1,:] # T_flip = np.flipud(T)\n","print(T_flip)"]},{"cell_type":"markdown","metadata":{"id":"mA9CIQniVCdO"},"source":["7. Создать матрицу 4х3 случайных чисел из нормального распределения. Найти индекты элементов, которые больше нуля"]},{"cell_type":"code","execution_count":27,"metadata":{"executionInfo":{"elapsed":6,"status":"ok","timestamp":1708110828698,"user":{"displayName":"artem bagrov","userId":"13630749988679781578"},"user_tz":-180},"id":"ahvtSh6yVRhQ"},"outputs":[{"name":"stdout","output_type":"stream","text":["[(0, 0), (0, 1), (1, 0), (1, 1), (2, 0), (3, 0), (3, 1)]\n","[[ True  True False]\n"," [ True  True False]\n"," [ True False False]\n"," [ True  True False]]\n"]}],"source":["t = np.random.randn(4,3)\n","idx = t>0\n","true_indices = [(i, j) for i, row in enumerate(idx) for j, value in enumerate(row) if value]\n","\n","print(true_indices)\n","print(idx)"]},{"cell_type":"markdown","metadata":{"id":"8QBT19w5Vv_x"},"source":["8. Создать матрицу 4х3 случайных чисел из нормального распределения. Сделать нормировку элеметнов (каждая колонка матрицы - это характеристика)\n","$$ \\frac{x-min(x)}{max(x) - min(x)} $$"]},{"cell_type":"code","execution_count":34,"metadata":{"executionInfo":{"elapsed":3,"status":"ok","timestamp":1708111195203,"user":{"displayName":"artem bagrov","userId":"13630749988679781578"},"user_tz":-180},"id":"nsNbxiyjWZSa"},"outputs":[{"data":{"text/plain":["array([[1.        , 1.        , 0.1369147 ],\n","       [0.        , 0.31901445, 0.44640012],\n","       [0.91199365, 0.        , 1.        ],\n","       [0.79831449, 0.52973322, 0.        ]])"]},"execution_count":34,"metadata":{},"output_type":"execute_result"}],"source":["t = np.random.randn(4,3)\n","t_norm = (t - t.min(0))/(t.max(0)-t.min(0))\n","t_norm"]},{"cell_type":"markdown","metadata":{"id":"rLJVP5ywXH1a"},"source":["9. Создать 8x8 матрицу и заполнить её в шахматном порядке"]},{"cell_type":"code","execution_count":37,"metadata":{"executionInfo":{"elapsed":4,"status":"ok","timestamp":1708111883293,"user":{"displayName":"artem bagrov","userId":"13630749988679781578"},"user_tz":-180},"id":"535sRMP-XTiq"},"outputs":[{"name":"stdout","output_type":"stream","text":["[[0 1 0 1 0 1 0 1]\n"," [1 0 1 0 1 0 1 0]\n"," [0 1 0 1 0 1 0 1]\n"," [1 0 1 0 1 0 1 0]\n"," [0 1 0 1 0 1 0 1]\n"," [1 0 1 0 1 0 1 0]\n"," [0 1 0 1 0 1 0 1]\n"," [1 0 1 0 1 0 1 0]]\n"]}],"source":["t = np.zeros((8,8), dtype=int)\n","t[1::2,::2] = 1\n","t[::2,1::2] = 1\n","print(t)\n"]},{"cell_type":"markdown","metadata":{"id":"YlVg4AkTaIFd"},"source":["10. Сделать сортировку вектора"]},{"cell_type":"code","execution_count":43,"metadata":{"id":"rFVdTjvbaHUm"},"outputs":[{"name":"stdout","output_type":"stream","text":["[-2.25236874 -1.33263018 -0.87300058 -0.79386298 -0.257896    0.04802981\n","  0.09120194  0.35093335  1.41911862  1.47556765]\n"]}],"source":["t = np.random.randn(10)\n","print(np.sort(t))"]},{"cell_type":"markdown","metadata":{"id":"05uwjk5AaXFu"},"source":["11. Заменить максимальный элемент на минимальный"]},{"cell_type":"code","execution_count":45,"metadata":{"executionInfo":{"elapsed":325,"status":"ok","timestamp":1708112252310,"user":{"displayName":"artem bagrov","userId":"13630749988679781578"},"user_tz":-180},"id":"w2c_OlPDacwh"},"outputs":[{"name":"stdout","output_type":"stream","text":["[ 0.12585409 -0.05334682 -0.47013808  0.76473484  0.58528855 -0.07385427]\n","[ 0.12585409 -0.05334682 -0.47013808 -0.47013808  0.58528855 -0.07385427]\n"]}],"source":["t = np.random.randn(6)\n","print(t)\n","t[t == t.max()] = t.min()\n","print(t)"]},{"cell_type":"markdown","metadata":{"id":"iUvlFitVbPQr"},"source":["12. Дан массив точек 10х2. Найти все попарные расстояния между точками"]},{"cell_type":"code","execution_count":55,"metadata":{"executionInfo":{"elapsed":4,"status":"ok","timestamp":1708114003963,"user":{"displayName":"artem bagrov","userId":"13630749988679781578"},"user_tz":-180},"id":"IjDjbFvhbb70"},"outputs":[{"data":{"text/plain":["array([[0.        , 0.37267858, 1.88559622, 0.73161241, 1.28738222,\n","        1.11669211, 0.08054023, 1.62872304, 1.27014416, 1.52992167],\n","       [0.37267858, 0.        , 1.51291764, 0.35893383, 0.91470364,\n","        0.74401353, 0.29213835, 1.25604446, 0.89746558, 1.90260025],\n","       [1.88559622, 1.51291764, 0.        , 1.15398381, 0.598214  ,\n","        0.76890411, 1.80505598, 0.25687318, 0.61545206, 3.41551788],\n","       [0.73161241, 0.35893383, 1.15398381, 0.        , 0.55576981,\n","        0.3850797 , 0.65107218, 0.89711063, 0.53853175, 2.26153408],\n","       [1.28738222, 0.91470364, 0.598214  , 0.55576981, 0.        ,\n","        0.17069011, 1.20684199, 0.34134082, 0.01723806, 2.81730389],\n","       [1.11669211, 0.74401353, 0.76890411, 0.3850797 , 0.17069011,\n","        0.        , 1.03615187, 0.51203093, 0.15345205, 2.64661377],\n","       [0.08054023, 0.29213835, 1.80505598, 0.65107218, 1.20684199,\n","        1.03615187, 0.        , 1.54818281, 1.18960393, 1.6104619 ],\n","       [1.62872304, 1.25604446, 0.25687318, 0.89711063, 0.34134082,\n","        0.51203093, 1.54818281, 0.        , 0.35857888, 3.15864471],\n","       [1.27014416, 0.89746558, 0.61545206, 0.53853175, 0.01723806,\n","        0.15345205, 1.18960393, 0.35857888, 0.        , 2.80006583],\n","       [1.52992167, 1.90260025, 3.41551788, 2.26153408, 2.81730389,\n","        2.64661377, 1.6104619 , 3.15864471, 2.80006583, 0.        ]])"]},"execution_count":55,"metadata":{},"output_type":"execute_result"}],"source":["t = np.random.randn(10,2)\n","t_unsq =  np.expand_dims(t, axis=1) # t[:,np.newaxis, :] \n","dist = np.sqrt((t_unsq - t)**2)\n","dist[:,:,0]"]},{"cell_type":"markdown","metadata":{"id":"Mp2c75Aoh1cb"},"source":["13. Найти норму Фробениуса матрицы 4х4\n","$$ norma = trace(A^T A) $$"]},{"cell_type":"code","execution_count":61,"metadata":{"executionInfo":{"elapsed":408,"status":"ok","timestamp":1708114115323,"user":{"displayName":"artem bagrov","userId":"13630749988679781578"},"user_tz":-180},"id":"sH682wboh8bA"},"outputs":[{"name":"stdout","output_type":"stream","text":["18.281024593377566\n"]}],"source":["A = np.random.randn(5,5)\n","norma = (np.diag(A.T@A)).sum()\n","print(norma)"]},{"cell_type":"markdown","metadata":{"id":"VNUVAvKKizqn"},"source":["14. Объединить два массива размером 3х3 по 3-й оси"]},{"cell_type":"code","execution_count":67,"metadata":{"executionInfo":{"elapsed":371,"status":"ok","timestamp":1708114494355,"user":{"displayName":"artem bagrov","userId":"13630749988679781578"},"user_tz":-180},"id":"AjjntqbcjMeN"},"outputs":[{"data":{"text/plain":["(3, 3, 2)"]},"execution_count":67,"metadata":{},"output_type":"execute_result"}],"source":["t1,t2 = np.random.rand(3,3),np.random.rand(3,3)\n","\n","z = np.stack([t1,t2],axis=2)\n","z.shape"]}],"metadata":{"colab":{"authorship_tag":"ABX9TyM38UFi/ap3twk2h1I1CDLF","provenance":[]},"kernelspec":{"display_name":"Python 3","name":"python3"},"language_info":{"codemirror_mode":{"name":"ipython","version":3},"file_extension":".py","mimetype":"text/x-python","name":"python","nbconvert_exporter":"python","pygments_lexer":"ipython3","version":"3.10.12"}},"nbformat":4,"nbformat_minor":0}
